# Game Level Exporter v1.3
CAMERA
Camera
<Matrix 4x4 (1.0000, 0.0000,  0.0000, 0.0000)
            (0.0000, 1.0000,  0.0000, 0.0000)
            (0.0000, 0.0000, -1.0000, 0.0000)
            (0.0000, 0.0000,  0.0000, 1.0000)>
MESH
Tree1
<Matrix 4x4 (  1.0000,  0.0000,   0.0000, 0.0000)
            (  0.0000,  1.0000,   0.0000, 0.0000)
            (  0.0000, -0.0000,   1.0000, 0.0000)
            (-17.4909,  0.8290, -34.7946, 1.0000)>
MESH
Robot
<Matrix 4x4 ( 0.1547, 0.0000, -0.4755, 0.0000)
            (-0.0000, 0.5000,  0.0000, 0.0000)
            ( 0.4755, 0.0000,  0.1547, 0.0000)
            (38.4220, 1.0564, 21.9962, 1.0000)>
MESH
Star
<Matrix 4x4 (  0.0724, -0.0088,  0.9973, 0.0000)
            ( -0.0018,  1.0000,  0.0090, 0.0000)
            ( -0.9974, -0.0024,  0.0723, 0.0000)
            (-40.1495,  5.9039, -6.3848, 1.0000)>
MESH
Spikes_Platform_Cube.001
<Matrix 4x4 ( 0.7360,  0.0000,   0.0000, 0.0000)
            ( 0.0000,  0.6000,   0.0000, 0.0000)
            ( 0.0000, -0.0000,   0.6574, 0.0000)
            (-0.0128,  3.0424, -15.3926, 1.0000)>
MESH
Chicken_Blob_Cube.211
<Matrix 4x4 (-0.3001,  0.0000,  0.6873, 0.0000)
            (-0.0000,  0.7500, -0.0000, 0.0000)
            (-0.6873, -0.0000, -0.3001, 0.0000)
            (23.0460,  1.1285,  4.9737, 1.0000)>
MESH
Chicken_Blob_Cube.001
<Matrix 4x4 ( 0.2265,  0.0000,  0.7150, 0.0000)
            (-0.0000,  0.7500,  0.0000, 0.0000)
            (-0.7150, -0.0000,  0.2265, 0.0000)
            (22.2830,  1.0139, 11.4588, 1.0000)>
MESH
Chicken_Blob_Cube.002
<Matrix 4x4 (-0.0234,  0.0000,  0.7496, 0.0000)
            (-0.0000,  0.7500, -0.0000, 0.0000)
            (-0.7496, -0.0000, -0.0234, 0.0000)
            (18.9708,  1.0139,  9.3278, 1.0000)>
MESH
Cube_Exclamation_Cube.253
<Matrix 4x4 (  0.5000,  0.0000,  0.0000, 0.0000)
            (  0.0000,  0.5000,  0.0000, 0.0000)
            (  0.0000, -0.0000,  0.5000, 0.0000)
            (-39.4654,  8.0377, -0.6813, 1.0000)>
MESH
Star.001
<Matrix 4x4 (  0.0724, -0.0088, 0.9973, 0.0000)
            ( -0.0018,  1.0000, 0.0090, 0.0000)
            ( -0.9974, -0.0024, 0.0723, 0.0000)
            (-40.1495,  5.9039, 5.3998, 1.0000)>
MESH
Star.002
<Matrix 4x4 (  0.0724, -0.0088,  0.9973, 0.0000)
            ( -0.0018,  1.0000,  0.0090, 0.0000)
            ( -0.9974, -0.0024,  0.0723, 0.0000)
            (-40.1495,  3.5707, 11.1848, 1.0000)>
MESH
Star.003
<Matrix 4x4 (  0.0724, -0.0088,   0.9973, 0.0000)
            ( -0.0018,  1.0000,   0.0090, 0.0000)
            ( -0.9974, -0.0024,   0.0723, 0.0000)
            (-40.1495,  3.5707, -12.0108, 1.0000)>
MESH
Chicken_Blob_Cube.003
<Matrix 4x4 ( 0.2062,  0.0000,  0.7211, 0.0000)
            (-0.0000,  0.7500,  0.0000, 0.0000)
            (-0.7211, -0.0000,  0.2062, 0.0000)
            (20.2267,  1.0139, 16.1469, 1.0000)>
MESH
Chicken_Blob_Cube.004
<Matrix 4x4 (-0.3798,  0.0000,  0.6467, 0.0000)
            (-0.0000,  0.7500, -0.0000, 0.0000)
            (-0.6467, -0.0000, -0.3798, 0.0000)
            (21.4703,  1.0139, 14.4160, 1.0000)>
MESH
Tree1.001
<Matrix 4x4 (  0.8852,  0.0000,  -0.4653, 0.0000)
            (  0.0000,  1.0000,   0.0000, 0.0000)
            (  0.4653, -0.0000,   0.8852, 0.0000)
            (-23.3085,  0.8290, -34.7946, 1.0000)>
MESH
Tree1.002
<Matrix 4x4 (  0.9610,  0.0000,   0.2765, 0.0000)
            ( -0.0000,  1.0000,   0.0000, 0.0000)
            ( -0.2765, -0.0000,   0.9610, 0.0000)
            (-17.6043,  0.8290, -37.8285, 1.0000)>
MESH
Tree1.003
<Matrix 4x4 (  0.9793,  0.0000,  -0.2024, 0.0000)
            (  0.0000,  1.0000,   0.0000, 0.0000)
            (  0.2024, -0.0000,   0.9793, 0.0000)
            (-23.1951,  0.8290, -39.4371, 1.0000)>
MESH
Tree1.004
<Matrix 4x4 (  0.9610,  0.0000,   0.2765, 0.0000)
            ( -0.0000,  1.0000,   0.0000, 0.0000)
            ( -0.2765, -0.0000,   0.9610, 0.0000)
            (-14.0964,  0.8290, -34.4638, 1.0000)>
MESH
Tree1.005
<Matrix 4x4 (  0.8487,  0.0000,  -0.5289, 0.0000)
            (  0.0000,  1.0000,   0.0000, 0.0000)
            (  0.5289, -0.0000,   0.8487, 0.0000)
            (-20.6959,  0.8290, -37.1341, 1.0000)>
MESH
Tree1.006
<Matrix 4x4 (  1.0000,  0.0000,   0.0000, 0.0000)
            (  0.0000,  1.0000,   0.0000, 0.0000)
            (  0.0000, -0.0000,   1.0000, 0.0000)
            (-17.4909,  0.8290, -29.3548, 1.0000)>
MESH
Tree1.007
<Matrix 4x4 (  0.8852,  0.0000,  -0.4653, 0.0000)
            (  0.0000,  1.0000,   0.0000, 0.0000)
            (  0.4653, -0.0000,   0.8852, 0.0000)
            (-21.6081,  0.8290, -30.3086, 1.0000)>
MESH
Tree1.008
<Matrix 4x4 (  0.9610,  0.0000,   0.2765, 0.0000)
            ( -0.0000,  1.0000,   0.0000, 0.0000)
            ( -0.2765, -0.0000,   0.9610, 0.0000)
            (-32.7599,  0.8290, -27.5930, 1.0000)>
MESH
Tree1.009
<Matrix 4x4 (  0.9793,  0.0000,  -0.2024, 0.0000)
            (  0.0000,  1.0000,   0.0000, 0.0000)
            (  0.2024, -0.0000,   0.9793, 0.0000)
            (-23.1951,  0.8290, -33.9973, 1.0000)>
MESH
Tree1.010
<Matrix 4x4 (  0.9610,  0.0000,   0.2765, 0.0000)
            ( -0.0000,  1.0000,   0.0000, 0.0000)
            ( -0.2765, -0.0000,   0.9610, 0.0000)
            (-23.9171,  0.8290, -32.1776, 1.0000)>
MESH
Tree1.011
<Matrix 4x4 (  0.8487,  0.0000,  -0.5289, 0.0000)
            (  0.0000,  1.0000,   0.0000, 0.0000)
            (  0.5289, -0.0000,   0.8487, 0.0000)
            (-20.6959,  0.8290, -31.6943, 1.0000)>
MESH
Tree1.012
<Matrix 4x4 (  1.0000,  0.0000,   0.0000, 0.0000)
            (  0.0000,  1.0000,   0.0000, 0.0000)
            (  0.0000, -0.0000,   1.0000, 0.0000)
            (-25.6112,  0.8290, -28.4537, 1.0000)>
MESH
Tree1.013
<Matrix 4x4 (  0.8852,  0.0000,  -0.4653, 0.0000)
            (  0.0000,  1.0000,   0.0000, 0.0000)
            (  0.4653, -0.0000,   0.8852, 0.0000)
            (-31.4289,  0.8290, -28.4537, 1.0000)>
MESH
Tree1.014
<Matrix 4x4 (  0.9610,  0.0000,   0.2765, 0.0000)
            ( -0.0000,  1.0000,   0.0000, 0.0000)
            ( -0.2765, -0.0000,   0.9610, 0.0000)
            (-25.7246,  0.8290, -31.4875, 1.0000)>
MESH
Tree1.015
<Matrix 4x4 (  0.9793,  0.0000,  -0.2024, 0.0000)
            (  0.0000,  1.0000,   0.0000, 0.0000)
            (  0.2024, -0.0000,   0.9793, 0.0000)
            (-31.3155,  0.8290, -33.0962, 1.0000)>
MESH
Tree1.016
<Matrix 4x4 (  0.9610,  0.0000,   0.2765, 0.0000)
            ( -0.0000,  1.0000,   0.0000, 0.0000)
            ( -0.2765, -0.0000,   0.9610, 0.0000)
            (-22.2167,  0.8290, -28.1229, 1.0000)>
MESH
Tree1.017
<Matrix 4x4 (  0.8487,  0.0000,  -0.5289, 0.0000)
            (  0.0000,  1.0000,   0.0000, 0.0000)
            (  0.5289, -0.0000,   0.8487, 0.0000)
            (-28.8163,  0.8290, -30.7932, 1.0000)>
MESH
Tree1.018
<Matrix 4x4 (  1.0000,  0.0000,   0.0000, 0.0000)
            (  0.0000,  1.0000,   0.0000, 0.0000)
            (  0.0000, -0.0000,   1.0000, 0.0000)
            (-28.1238,  0.9717, -35.4831, 1.0000)>
MESH
Tree1.019
<Matrix 4x4 (  0.8852,  0.0000,  -0.4653, 0.0000)
            (  0.0000,  1.0000,   0.0000, 0.0000)
            (  0.4653, -0.0000,   0.8852, 0.0000)
            (-33.9415,  0.9717, -35.4831, 1.0000)>
MESH
Tree1.020
<Matrix 4x4 (  0.9610,  0.0000,   0.2765, 0.0000)
            ( -0.0000,  1.0000,   0.0000, 0.0000)
            ( -0.2765, -0.0000,   0.9610, 0.0000)
            (-28.2372,  0.9717, -38.5169, 1.0000)>
MESH
Tree1.021
<Matrix 4x4 (  0.9793,  0.0000,  -0.2024, 0.0000)
            (  0.0000,  1.0000,   0.0000, 0.0000)
            (  0.2024, -0.0000,   0.9793, 0.0000)
            (-33.8281,  0.9717, -40.1255, 1.0000)>
MESH
Tree1.022
<Matrix 4x4 (  0.9610,  0.0000,   0.2765, 0.0000)
            ( -0.0000,  1.0000,   0.0000, 0.0000)
            ( -0.2765, -0.0000,   0.9610, 0.0000)
            (-34.5501,  0.9717, -38.3058, 1.0000)>
MESH
Tree1.023
<Matrix 4x4 (  0.8487,  0.0000,  -0.5289, 0.0000)
            (  0.0000,  1.0000,   0.0000, 0.0000)
            (  0.5289, -0.0000,   0.8487, 0.0000)
            (-31.3289,  0.9717, -37.8225, 1.0000)>
MESH
Tree1.024
<Matrix 4x4 ( 1.0000,  0.0000,   0.0000, 0.0000)
            ( 0.0000,  1.0000,   0.0000, 0.0000)
            ( 0.0000, -0.0000,   1.0000, 0.0000)
            (42.7965,  0.8598, -21.7461, 1.0000)>
MESH
Tree1.025
<Matrix 4x4 ( 0.8852,  0.0000,  -0.4653, 0.0000)
            ( 0.0000,  1.0000,   0.0000, 0.0000)
            ( 0.4653, -0.0000,   0.8852, 0.0000)
            (36.9788,  0.8598, -21.7461, 1.0000)>
MESH
Tree1.026
<Matrix 4x4 ( 0.9610,  0.0000,   0.2765, 0.0000)
            (-0.0000,  1.0000,   0.0000, 0.0000)
            (-0.2765, -0.0000,   0.9610, 0.0000)
            (42.6831,  0.8598, -24.7799, 1.0000)>
MESH
Tree1.027
<Matrix 4x4 ( 0.9793,  0.0000,  -0.2024, 0.0000)
            ( 0.0000,  1.0000,   0.0000, 0.0000)
            ( 0.2024, -0.0000,   0.9793, 0.0000)
            (37.0922,  0.8598, -26.3885, 1.0000)>
MESH
Tree1.028
<Matrix 4x4 ( 0.9610,  0.0000,   0.2765, 0.0000)
            (-0.0000,  1.0000,   0.0000, 0.0000)
            (-0.2765, -0.0000,   0.9610, 0.0000)
            (36.3702,  0.8598, -24.5688, 1.0000)>
MESH
Tree1.029
<Matrix 4x4 ( 0.8487,  0.0000,  -0.5289, 0.0000)
            ( 0.0000,  1.0000,   0.0000, 0.0000)
            ( 0.5289, -0.0000,   0.8487, 0.0000)
            (39.5914,  0.8598, -24.0855, 1.0000)>
MESH
Tree1.030
<Matrix 4x4 ( 1.0000,  0.0000,   0.0000, 0.0000)
            ( 0.0000,  1.0000,   0.0000, 0.0000)
            ( 0.0000, -0.0000,   1.0000, 0.0000)
            (42.7965,  0.8598, -16.3063, 1.0000)>
MESH
Tree1.031
<Matrix 4x4 ( 0.8852,  0.0000,  -0.4653, 0.0000)
            ( 0.0000,  1.0000,   0.0000, 0.0000)
            ( 0.4653, -0.0000,   0.8852, 0.0000)
            (28.8585,  0.8598, -20.4136, 1.0000)>
MESH
Tree1.032
<Matrix 4x4 ( 0.9610,  0.0000,   0.2765, 0.0000)
            (-0.0000,  1.0000,   0.0000, 0.0000)
            (-0.2765, -0.0000,   0.9610, 0.0000)
            (42.6831,  0.8598, -19.3401, 1.0000)>
MESH
Tree1.033
<Matrix 4x4 ( 0.9793,  0.0000,  -0.2024, 0.0000)
            ( 0.0000,  1.0000,   0.0000, 0.0000)
            ( 0.2024, -0.0000,   0.9793, 0.0000)
            (37.0922,  0.8598, -20.9487, 1.0000)>
MESH
Tree1.034
<Matrix 4x4 (  0.9610,  0.0000,   0.2765, 0.0000)
            ( -0.0000,  1.0000,   0.0000, 0.0000)
            ( -0.2765, -0.0000,   0.9610, 0.0000)
            (-37.4713,  0.8598, -28.2359, 1.0000)>
MESH
Tree1.035
<Matrix 4x4 ( 0.8487,  0.0000,  -0.5289, 0.0000)
            ( 0.0000,  1.0000,   0.0000, 0.0000)
            ( 0.5289, -0.0000,   0.8487, 0.0000)
            (39.5914,  0.8598, -18.6457, 1.0000)>
MESH
Tree1.036
<Matrix 4x4 ( 1.0000,  0.0000,   0.0000, 0.0000)
            ( 0.0000,  1.0000,   0.0000, 0.0000)
            ( 0.0000, -0.0000,   1.0000, 0.0000)
            (34.6761,  0.8598, -15.4052, 1.0000)>
MESH
Tree1.037
<Matrix 4x4 ( 0.8852,  0.0000,  -0.4653, 0.0000)
            ( 0.0000,  1.0000,   0.0000, 0.0000)
            ( 0.4653, -0.0000,   0.8852, 0.0000)
            (28.8585,  0.8598, -15.4052, 1.0000)>
MESH
Tree1.038
<Matrix 4x4 (  0.9610,  0.0000,   0.2765, 0.0000)
            ( -0.0000,  1.0000,   0.0000, 0.0000)
            ( -0.2765, -0.0000,   0.9610, 0.0000)
            (-39.2788,  0.8598, -27.5458, 1.0000)>
MESH
Tree1.039
<Matrix 4x4 ( 0.9793,  0.0000,  -0.2024, 0.0000)
            ( 0.0000,  1.0000,   0.0000, 0.0000)
            ( 0.2024, -0.0000,   0.9793, 0.0000)
            (28.9719,  0.8598, -20.0476, 1.0000)>
MESH
Tree1.040
<Matrix 4x4 ( 0.9610,  0.0000,   0.2765, 0.0000)
            (-0.0000,  1.0000,   0.0000, 0.0000)
            (-0.2765, -0.0000,   0.9610, 0.0000)
            (28.2498,  0.8598, -18.2279, 1.0000)>
MESH
Tree1.041
<Matrix 4x4 ( 0.8487,  0.0000,  -0.5289, 0.0000)
            ( 0.0000,  1.0000,   0.0000, 0.0000)
            ( 0.5289, -0.0000,   0.8487, 0.0000)
            (31.4711,  0.8598, -17.7446, 1.0000)>
MESH
Tree1.042
<Matrix 4x4 ( 1.0000,  0.0000,   0.0000, 0.0000)
            ( 0.0000,  1.0000,   0.0000, 0.0000)
            ( 0.0000, -0.0000,   1.0000, 0.0000)
            (32.1635,  1.0024, -22.4345, 1.0000)>
MESH
Tree1.043
<Matrix 4x4 ( 0.8852,  0.0000,  -0.4653, 0.0000)
            ( 0.0000,  1.0000,   0.0000, 0.0000)
            ( 0.4653, -0.0000,   0.8852, 0.0000)
            (26.3459,  1.0024, -22.4345, 1.0000)>
MESH
Tree1.044
<Matrix 4x4 (  0.9610,  0.0000,   0.2765, 0.0000)
            ( -0.0000,  1.0000,   0.0000, 0.0000)
            ( -0.2765, -0.0000,   0.9610, 0.0000)
            (-28.2505,  1.0024, -24.4919, 1.0000)>
MESH
Tree1.045
<Matrix 4x4 ( 0.9793,  0.0000,  -0.2024, 0.0000)
            ( 0.0000,  1.0000,   0.0000, 0.0000)
            ( 0.2024, -0.0000,   0.9793, 0.0000)
            (26.4593,  1.0024, -27.0769, 1.0000)>
MESH
Tree1.046
<Matrix 4x4 ( 0.9610,  0.0000,   0.2765, 0.0000)
            (-0.0000,  1.0000,   0.0000, 0.0000)
            (-0.2765, -0.0000,   0.9610, 0.0000)
            (25.7372,  1.0024, -25.2573, 1.0000)>
MESH
Tree1.047
<Matrix 4x4 ( 0.8487,  0.0000,  -0.5289, 0.0000)
            ( 0.0000,  1.0000,   0.0000, 0.0000)
            ( 0.5289, -0.0000,   0.8487, 0.0000)
            (28.9585,  1.0024, -24.7740, 1.0000)>
MESH
Tree1.048
<Matrix 4x4 (  1.0000,  0.0000,  0.0000, 0.0000)
            (  0.0000,  1.0000,  0.0000, 0.0000)
            (  0.0000, -0.0000,  1.0000, 0.0000)
            (-18.4774,  0.8902, 31.3393, 1.0000)>
MESH
Tree1.049
<Matrix 4x4 (  0.8852,  0.0000, -0.4653, 0.0000)
            (  0.0000,  1.0000,  0.0000, 0.0000)
            (  0.4653, -0.0000,  0.8852, 0.0000)
            (-24.2950,  0.8902, 31.3393, 1.0000)>
MESH
Tree1.050
<Matrix 4x4 (  0.9610,  0.0000,  0.2765, 0.0000)
            ( -0.0000,  1.0000,  0.0000, 0.0000)
            ( -0.2765, -0.0000,  0.9610, 0.0000)
            (-18.5908,  0.8902, 28.3055, 1.0000)>
MESH
Tree1.051
<Matrix 4x4 (  0.9793,  0.0000, -0.2024, 0.0000)
            (  0.0000,  1.0000,  0.0000, 0.0000)
            (  0.2024, -0.0000,  0.9793, 0.0000)
            (-24.1816,  0.8902, 26.6969, 1.0000)>
MESH
Tree1.052
<Matrix 4x4 (  0.9610,  0.0000,  0.2765, 0.0000)
            ( -0.0000,  1.0000,  0.0000, 0.0000)
            ( -0.2765, -0.0000,  0.9610, 0.0000)
            (-24.9036,  0.8902, 28.5166, 1.0000)>
MESH
Tree1.053
<Matrix 4x4 (  0.8487,  0.0000, -0.5289, 0.0000)
            (  0.0000,  1.0000,  0.0000, 0.0000)
            (  0.5289, -0.0000,  0.8487, 0.0000)
            (-21.6824,  0.8902, 28.9999, 1.0000)>
MESH
Tree1.054
<Matrix 4x4 (  1.0000,  0.0000,  0.0000, 0.0000)
            (  0.0000,  1.0000,  0.0000, 0.0000)
            (  0.0000, -0.0000,  1.0000, 0.0000)
            (-18.4774,  0.8902, 36.7791, 1.0000)>
MESH
Tree1.055
<Matrix 4x4 (  0.8852,  0.0000, -0.4653, 0.0000)
            (  0.0000,  1.0000,  0.0000, 0.0000)
            (  0.4653, -0.0000,  0.8852, 0.0000)
            (-32.4154,  0.8902, 32.6718, 1.0000)>
MESH
Tree1.056
<Matrix 4x4 (  0.9610,  0.0000,  0.2765, 0.0000)
            ( -0.0000,  1.0000,  0.0000, 0.0000)
            ( -0.2765, -0.0000,  0.9610, 0.0000)
            (-18.5908,  0.8902, 33.7453, 1.0000)>
MESH
Tree1.057
<Matrix 4x4 (  0.9793,  0.0000, -0.2024, 0.0000)
            (  0.0000,  1.0000,  0.0000, 0.0000)
            (  0.2024, -0.0000,  0.9793, 0.0000)
            (-24.1816,  0.8902, 32.1367, 1.0000)>
MESH
Tree1.058
<Matrix 4x4 (  0.9610,  0.0000,  0.2765, 0.0000)
            ( -0.0000,  1.0000,  0.0000, 0.0000)
            ( -0.2765, -0.0000,  0.9610, 0.0000)
            (-24.9036,  0.8902, 33.9564, 1.0000)>
MESH
Tree1.059
<Matrix 4x4 (  0.8487,  0.0000, -0.5289, 0.0000)
            (  0.0000,  1.0000,  0.0000, 0.0000)
            (  0.5289, -0.0000,  0.8487, 0.0000)
            (-21.6824,  0.8902, 34.4397, 1.0000)>
MESH
Tree1.060
<Matrix 4x4 (  1.0000,  0.0000,  0.0000, 0.0000)
            (  0.0000,  1.0000,  0.0000, 0.0000)
            (  0.0000, -0.0000,  1.0000, 0.0000)
            (-26.5977,  0.8902, 37.6803, 1.0000)>
MESH
Tree1.061
<Matrix 4x4 (  0.8852,  0.0000, -0.4653, 0.0000)
            (  0.0000,  1.0000,  0.0000, 0.0000)
            (  0.4653, -0.0000,  0.8852, 0.0000)
            (-32.4154,  0.8902, 37.6803, 1.0000)>
MESH
Tree1.062
<Matrix 4x4 (  0.9610,  0.0000,  0.2765, 0.0000)
            ( -0.0000,  1.0000,  0.0000, 0.0000)
            ( -0.2765, -0.0000,  0.9610, 0.0000)
            (-26.7111,  0.8902, 34.6464, 1.0000)>
MESH
Tree1.063
<Matrix 4x4 (  0.9793,  0.0000, -0.2024, 0.0000)
            (  0.0000,  1.0000,  0.0000, 0.0000)
            (  0.2024, -0.0000,  0.9793, 0.0000)
            (-32.3020,  0.8902, 33.0378, 1.0000)>
MESH
Tree1.064
<Matrix 4x4 (  0.9610,  0.0000,  0.2765, 0.0000)
            ( -0.0000,  1.0000,  0.0000, 0.0000)
            ( -0.2765, -0.0000,  0.9610, 0.0000)
            (-33.0240,  0.8902, 34.8575, 1.0000)>
MESH
Tree1.065
<Matrix 4x4 (  0.8487,  0.0000, -0.5289, 0.0000)
            (  0.0000,  1.0000,  0.0000, 0.0000)
            (  0.5289, -0.0000,  0.8487, 0.0000)
            (-29.8028,  0.8902, 35.3408, 1.0000)>
MESH
Tree1.066
<Matrix 4x4 (  1.0000,  0.0000,  0.0000, 0.0000)
            (  0.0000,  1.0000,  0.0000, 0.0000)
            (  0.0000, -0.0000,  1.0000, 0.0000)
            (-29.1103,  1.0329, 30.6509, 1.0000)>
MESH
Tree1.067
<Matrix 4x4 (  0.8852,  0.0000, -0.4653, 0.0000)
            (  0.0000,  1.0000,  0.0000, 0.0000)
            (  0.4653, -0.0000,  0.8852, 0.0000)
            (-34.9280,  1.0329, 30.6509, 1.0000)>
MESH
Tree1.068
<Matrix 4x4 (  0.9610,  0.0000,  0.2765, 0.0000)
            ( -0.0000,  1.0000,  0.0000, 0.0000)
            ( -0.2765, -0.0000,  0.9610, 0.0000)
            (-29.2237,  1.0329, 27.6171, 1.0000)>
MESH
Tree1.069
<Matrix 4x4 (  0.9793,  0.0000, -0.2024, 0.0000)
            (  0.0000,  1.0000,  0.0000, 0.0000)
            (  0.2024, -0.0000,  0.9793, 0.0000)
            (-34.8146,  1.0329, 26.0085, 1.0000)>
MESH
Tree1.070
<Matrix 4x4 (  0.9610,  0.0000,  0.2765, 0.0000)
            ( -0.0000,  1.0000,  0.0000, 0.0000)
            ( -0.2765, -0.0000,  0.9610, 0.0000)
            (-35.5366,  1.0329, 27.8281, 1.0000)>
MESH
Tree1.071
<Matrix 4x4 (  0.8487,  0.0000, -0.5289, 0.0000)
            (  0.0000,  1.0000,  0.0000, 0.0000)
            (  0.5289, -0.0000,  0.8487, 0.0000)
            (-32.3154,  1.0329, 28.3114, 1.0000)>
MESH
Tree1.072
<Matrix 4x4 ( 1.0000,  0.0000,  0.0000, 0.0000)
            ( 0.0000,  1.0000,  0.0000, 0.0000)
            ( 0.0000, -0.0000,  1.0000, 0.0000)
            (40.7116,  0.8902, 34.3351, 1.0000)>
MESH
Tree1.073
<Matrix 4x4 ( 0.8852,  0.0000, -0.4653, 0.0000)
            ( 0.0000,  1.0000,  0.0000, 0.0000)
            ( 0.4653, -0.0000,  0.8852, 0.0000)
            (34.8940,  0.8902, 34.3351, 1.0000)>
MESH
Tree1.074
<Matrix 4x4 ( 0.9610,  0.0000,  0.2765, 0.0000)
            (-0.0000,  1.0000,  0.0000, 0.0000)
            (-0.2765, -0.0000,  0.9610, 0.0000)
            (40.5982,  0.8902, 31.3013, 1.0000)>
MESH
Tree1.075
<Matrix 4x4 ( 0.9793,  0.0000, -0.2024, 0.0000)
            ( 0.0000,  1.0000,  0.0000, 0.0000)
            ( 0.2024, -0.0000,  0.9793, 0.0000)
            (35.0074,  0.8902, 29.6927, 1.0000)>
MESH
Tree1.076
<Matrix 4x4 ( 0.9610,  0.0000,  0.2765, 0.0000)
            (-0.0000,  1.0000,  0.0000, 0.0000)
            (-0.2765, -0.0000,  0.9610, 0.0000)
            (34.2854,  0.8902, 31.5124, 1.0000)>
MESH
Tree1.077
<Matrix 4x4 ( 0.8487,  0.0000, -0.5289, 0.0000)
            ( 0.0000,  1.0000,  0.0000, 0.0000)
            ( 0.5289, -0.0000,  0.8487, 0.0000)
            (37.5066,  0.8902, 31.9957, 1.0000)>
MESH
Tree1.078
<Matrix 4x4 ( 1.0000,  0.0000,  0.0000, 0.0000)
            ( 0.0000,  1.0000,  0.0000, 0.0000)
            ( 0.0000, -0.0000,  1.0000, 0.0000)
            (40.7116,  0.8902, 39.7750, 1.0000)>
MESH
Tree1.079
<Matrix 4x4 ( 0.8852,  0.0000, -0.4653, 0.0000)
            ( 0.0000,  1.0000,  0.0000, 0.0000)
            ( 0.4653, -0.0000,  0.8852, 0.0000)
            (26.7736,  0.8902, 35.6676, 1.0000)>
MESH
Tree1.080
<Matrix 4x4 ( 0.9610,  0.0000,  0.2765, 0.0000)
            (-0.0000,  1.0000,  0.0000, 0.0000)
            (-0.2765, -0.0000,  0.9610, 0.0000)
            (40.5982,  0.8902, 36.7411, 1.0000)>
MESH
Tree1.081
<Matrix 4x4 ( 0.9793,  0.0000, -0.2024, 0.0000)
            ( 0.0000,  1.0000,  0.0000, 0.0000)
            ( 0.2024, -0.0000,  0.9793, 0.0000)
            (35.0074,  0.8902, 35.1325, 1.0000)>
MESH
Tree1.082
<Matrix 4x4 ( 0.9610,  0.0000,  0.2765, 0.0000)
            (-0.0000,  1.0000,  0.0000, 0.0000)
            (-0.2765, -0.0000,  0.9610, 0.0000)
            (34.2854,  0.8902, 36.9522, 1.0000)>
MESH
Tree1.083
<Matrix 4x4 ( 0.8487,  0.0000, -0.5289, 0.0000)
            ( 0.0000,  1.0000,  0.0000, 0.0000)
            ( 0.5289, -0.0000,  0.8487, 0.0000)
            (37.5066,  0.8902, 37.4355, 1.0000)>
MESH
Tree1.084
<Matrix 4x4 ( 1.0000,  0.0000,  0.0000, 0.0000)
            ( 0.0000,  1.0000,  0.0000, 0.0000)
            ( 0.0000, -0.0000,  1.0000, 0.0000)
            (32.5913,  0.8902, 40.6761, 1.0000)>
MESH
Tree1.085
<Matrix 4x4 ( 0.8852,  0.0000, -0.4653, 0.0000)
            ( 0.0000,  1.0000,  0.0000, 0.0000)
            ( 0.4653, -0.0000,  0.8852, 0.0000)
            (26.7736,  0.8902, 40.6761, 1.0000)>
MESH
Tree1.086
<Matrix 4x4 ( 0.9610,  0.0000,  0.2765, 0.0000)
            (-0.0000,  1.0000,  0.0000, 0.0000)
            (-0.2765, -0.0000,  0.9610, 0.0000)
            (32.4778,  0.8902, 37.6423, 1.0000)>
MESH
Tree1.087
<Matrix 4x4 ( 0.9793,  0.0000, -0.2024, 0.0000)
            ( 0.0000,  1.0000,  0.0000, 0.0000)
            ( 0.2024, -0.0000,  0.9793, 0.0000)
            (26.8870,  0.8902, 36.0336, 1.0000)>
MESH
Tree1.088
<Matrix 4x4 ( 0.9610,  0.0000,  0.2765, 0.0000)
            (-0.0000,  1.0000,  0.0000, 0.0000)
            (-0.2765, -0.0000,  0.9610, 0.0000)
            (26.1650,  0.8902, 37.8533, 1.0000)>
MESH
Tree1.089
<Matrix 4x4 ( 0.8487,  0.0000, -0.5289, 0.0000)
            ( 0.0000,  1.0000,  0.0000, 0.0000)
            ( 0.5289, -0.0000,  0.8487, 0.0000)
            (29.3862,  0.8902, 38.3366, 1.0000)>
MESH
Tree1.090
<Matrix 4x4 ( 1.0000,  0.0000,  0.0000, 0.0000)
            ( 0.0000,  1.0000,  0.0000, 0.0000)
            ( 0.0000, -0.0000,  1.0000, 0.0000)
            (30.0787,  1.0329, 33.6467, 1.0000)>
MESH
Tree1.091
<Matrix 4x4 ( 0.8852,  0.0000, -0.4653, 0.0000)
            ( 0.0000,  1.0000,  0.0000, 0.0000)
            ( 0.4653, -0.0000,  0.8852, 0.0000)
            (24.2610,  1.0329, 33.6467, 1.0000)>
MESH
Tree1.092
<Matrix 4x4 ( 0.9610,  0.0000,  0.2765, 0.0000)
            (-0.0000,  1.0000,  0.0000, 0.0000)
            (-0.2765, -0.0000,  0.9610, 0.0000)
            (29.9652,  1.0329, 30.6129, 1.0000)>
MESH
Tree1.093
<Matrix 4x4 ( 0.9793,  0.0000, -0.2024, 0.0000)
            ( 0.0000,  1.0000,  0.0000, 0.0000)
            ( 0.2024, -0.0000,  0.9793, 0.0000)
            (24.3744,  1.0329, 29.0043, 1.0000)>
MESH
Tree1.094
<Matrix 4x4 ( 0.9610,  0.0000,  0.2765, 0.0000)
            (-0.0000,  1.0000,  0.0000, 0.0000)
            (-0.2765, -0.0000,  0.9610, 0.0000)
            (23.6524,  1.0329, 30.8240, 1.0000)>
MESH
Tree1.095
<Matrix 4x4 ( 0.8487,  0.0000, -0.5289, 0.0000)
            ( 0.0000,  1.0000,  0.0000, 0.0000)
            ( 0.5289, -0.0000,  0.8487, 0.0000)
            (26.8736,  1.0329, 31.3073, 1.0000)>
MESH
Tree1.096
<Matrix 4x4 ( 1.0000,  0.0000,   0.0000, 0.0000)
            ( 0.0000,  1.0000,   0.0000, 0.0000)
            ( 0.0000, -0.0000,   1.0000, 0.0000)
            (40.7116,  0.8902, -35.7785, 1.0000)>
MESH
Tree1.097
<Matrix 4x4 ( 0.8852,  0.0000,  -0.4653, 0.0000)
            ( 0.0000,  1.0000,   0.0000, 0.0000)
            ( 0.4653, -0.0000,   0.8852, 0.0000)
            (34.8940,  0.8902, -35.7785, 1.0000)>
MESH
Tree1.098
<Matrix 4x4 ( 0.9610,  0.0000,   0.2765, 0.0000)
            (-0.0000,  1.0000,   0.0000, 0.0000)
            (-0.2765, -0.0000,   0.9610, 0.0000)
            (40.5982,  0.8902, -38.8123, 1.0000)>
MESH
Tree1.099
<Matrix 4x4 ( 0.9793,  0.0000,  -0.2024, 0.0000)
            ( 0.0000,  1.0000,   0.0000, 0.0000)
            ( 0.2024, -0.0000,   0.9793, 0.0000)
            (35.0074,  0.8902, -40.4209, 1.0000)>
MESH
Tree1.100
<Matrix 4x4 ( 0.9610,  0.0000,   0.2765, 0.0000)
            (-0.0000,  1.0000,   0.0000, 0.0000)
            (-0.2765, -0.0000,   0.9610, 0.0000)
            (34.2854,  0.8902, -38.6012, 1.0000)>
MESH
Tree1.101
<Matrix 4x4 ( 0.8487,  0.0000,  -0.5289, 0.0000)
            ( 0.0000,  1.0000,   0.0000, 0.0000)
            ( 0.5289, -0.0000,   0.8487, 0.0000)
            (37.5066,  0.8902, -38.1179, 1.0000)>
MESH
Tree1.102
<Matrix 4x4 ( 1.0000,  0.0000,   0.0000, 0.0000)
            ( 0.0000,  1.0000,   0.0000, 0.0000)
            ( 0.0000, -0.0000,   1.0000, 0.0000)
            (40.7116,  0.8902, -30.3386, 1.0000)>
MESH
Tree1.103
<Matrix 4x4 ( 0.8852,  0.0000,  -0.4653, 0.0000)
            ( 0.0000,  1.0000,   0.0000, 0.0000)
            ( 0.4653, -0.0000,   0.8852, 0.0000)
            (26.7736,  0.8902, -34.4460, 1.0000)>
MESH
Tree1.104
<Matrix 4x4 ( 0.9610,  0.0000,   0.2765, 0.0000)
            (-0.0000,  1.0000,   0.0000, 0.0000)
            (-0.2765, -0.0000,   0.9610, 0.0000)
            (40.5982,  0.8902, -33.3725, 1.0000)>
MESH
Tree1.105
<Matrix 4x4 ( 0.9793,  0.0000,  -0.2024, 0.0000)
            ( 0.0000,  1.0000,   0.0000, 0.0000)
            ( 0.2024, -0.0000,   0.9793, 0.0000)
            (35.0074,  0.8902, -34.9811, 1.0000)>
MESH
Tree1.106
<Matrix 4x4 ( 0.9610,  0.0000,   0.2765, 0.0000)
            (-0.0000,  1.0000,   0.0000, 0.0000)
            (-0.2765, -0.0000,   0.9610, 0.0000)
            (34.2854,  0.8902, -33.1614, 1.0000)>
MESH
Tree1.107
<Matrix 4x4 ( 0.8487,  0.0000,  -0.5289, 0.0000)
            ( 0.0000,  1.0000,   0.0000, 0.0000)
            ( 0.5289, -0.0000,   0.8487, 0.0000)
            (37.5066,  0.8902, -32.6781, 1.0000)>
MESH
Tree1.108
<Matrix 4x4 ( 1.0000,  0.0000,   0.0000, 0.0000)
            ( 0.0000,  1.0000,   0.0000, 0.0000)
            ( 0.0000, -0.0000,   1.0000, 0.0000)
            (32.5913,  0.8902, -29.4375, 1.0000)>
MESH
Tree1.109
<Matrix 4x4 ( 0.8852,  0.0000,  -0.4653, 0.0000)
            ( 0.0000,  1.0000,   0.0000, 0.0000)
            ( 0.4653, -0.0000,   0.8852, 0.0000)
            (26.7736,  0.8902, -29.4375, 1.0000)>
MESH
Tree1.110
<Matrix 4x4 ( 0.9610,  0.0000,   0.2765, 0.0000)
            (-0.0000,  1.0000,   0.0000, 0.0000)
            (-0.2765, -0.0000,   0.9610, 0.0000)
            (32.4778,  0.8902, -32.4713, 1.0000)>
MESH
Tree1.111
<Matrix 4x4 ( 0.9793,  0.0000,  -0.2024, 0.0000)
            ( 0.0000,  1.0000,   0.0000, 0.0000)
            ( 0.2024, -0.0000,   0.9793, 0.0000)
            (26.8870,  0.8902, -34.0800, 1.0000)>
MESH
Tree1.112
<Matrix 4x4 ( 0.9610,  0.0000,   0.2765, 0.0000)
            (-0.0000,  1.0000,   0.0000, 0.0000)
            (-0.2765, -0.0000,   0.9610, 0.0000)
            (26.1650,  0.8902, -32.2603, 1.0000)>
MESH
Tree1.113
<Matrix 4x4 ( 0.8487,  0.0000,  -0.5289, 0.0000)
            ( 0.0000,  1.0000,   0.0000, 0.0000)
            ( 0.5289, -0.0000,   0.8487, 0.0000)
            (29.3862,  0.8902, -31.7770, 1.0000)>
MESH
Tree1.114
<Matrix 4x4 ( 1.0000,  0.0000,   0.0000, 0.0000)
            ( 0.0000,  1.0000,   0.0000, 0.0000)
            ( 0.0000, -0.0000,   1.0000, 0.0000)
            (30.0787,  1.0329, -36.4669, 1.0000)>
MESH
Tree1.115
<Matrix 4x4 ( 0.8852,  0.0000,  -0.4653, 0.0000)
            ( 0.0000,  1.0000,   0.0000, 0.0000)
            ( 0.4653, -0.0000,   0.8852, 0.0000)
            (24.2610,  1.0329, -36.4669, 1.0000)>
MESH
Tree1.116
<Matrix 4x4 ( 0.9610,  0.0000,   0.2765, 0.0000)
            (-0.0000,  1.0000,   0.0000, 0.0000)
            (-0.2765, -0.0000,   0.9610, 0.0000)
            (29.9652,  1.0329, -39.5007, 1.0000)>
MESH
Tree1.117
<Matrix 4x4 ( 0.9793,  0.0000,  -0.2024, 0.0000)
            ( 0.0000,  1.0000,   0.0000, 0.0000)
            ( 0.2024, -0.0000,   0.9793, 0.0000)
            (24.3744,  1.0329, -41.1093, 1.0000)>
MESH
Tree1.118
<Matrix 4x4 ( 0.9610,  0.0000,   0.2765, 0.0000)
            (-0.0000,  1.0000,   0.0000, 0.0000)
            (-0.2765, -0.0000,   0.9610, 0.0000)
            (23.6524,  1.0329, -39.2896, 1.0000)>
MESH
Tree1.119
<Matrix 4x4 ( 0.8487,  0.0000,  -0.5289, 0.0000)
            ( 0.0000,  1.0000,   0.0000, 0.0000)
            ( 0.5289, -0.0000,   0.8487, 0.0000)
            (26.8736,  1.0329, -38.8063, 1.0000)>
MESH
Sign_Left_Cube.011
<Matrix 4x4 (  2.1355, 0.0000,  2.1070, 0.0000)
            (  0.0000, 3.0000, -0.0000, 0.0000)
            ( -2.1070, 0.0000,  2.1355, 0.0000)
            (-18.0582, 1.0094, 26.4330, 1.0000)>
MESH
Dog_Blob_Cube.015
<Matrix 4x4 ( 0.3362, -0.0000,  0.9418, 0.0000)
            (-0.0000,  1.0000,  0.0000, 0.0000)
            (-0.9418, -0.0000,  0.3362, 0.0000)
            (-8.0217,  0.8166, 27.9289, 1.0000)>
MESH
Dog_Blob_Cube.001
<Matrix 4x4 ( 0.8907,  0.0611,  0.4505, 0.0000)
            (-0.1002,  0.9929,  0.0636, 0.0000)
            (-0.4435, -0.1018,  0.8905, 0.0000)
            (-9.3432,  0.8166, 35.5559, 1.0000)>
MESH
Dog_Blob_Cube.002
<Matrix 4x4 (-0.0642,  0.0000,  0.9979, 0.0000)
            (-0.0000,  1.0000, -0.0000, 0.0000)
            (-0.9979, -0.0000, -0.0642, 0.0000)
            (-5.2488,  0.8033, 20.3972, 1.0000)>
MESH
Dog_Blob_Cube.003
<Matrix 4x4 ( 0.9805,  0.0000, -0.1966, 0.0000)
            ( 0.0000,  1.0000,  0.0000, 0.0000)
            ( 0.1966, -0.0000,  0.9805, 0.0000)
            (-0.5316,  0.8033, 37.0858, 1.0000)>
MESH
Dog_Blob_Cube.004
<Matrix 4x4 ( 0.7191,  0.0000,  0.6949, 0.0000)
            (-0.0000,  1.0000,  0.0000, 0.0000)
            (-0.6949, -0.0000,  0.7191, 0.0000)
            ( 4.0270,  0.8033, 30.2013, 1.0000)>
MESH
Dog_Blob_Cube.005
<Matrix 4x4 ( 0.9986,  0.0000,  0.0536, 0.0000)
            (-0.0000,  1.0000,  0.0000, 0.0000)
            (-0.0536, -0.0000,  0.9986, 0.0000)
            ( 5.5868,  1.2171, 35.8634, 1.0000)>
MESH
Dog_Blob_Cube.006
<Matrix 4x4 (-0.6256,  0.0000,  0.7802, 0.0000)
            (-0.0000,  1.0000, -0.0000, 0.0000)
            (-0.7802, -0.0000, -0.6256, 0.0000)
            (-0.9870,  0.7458, 26.4421, 1.0000)>
MESH
Sign_Left_Cube.001
<Matrix 4x4 ( -2.3451,  0.0000,   1.8709, 0.0000)
            ( -0.0000,  3.0000,  -0.0000, 0.0000)
            ( -1.8709, -0.0000,  -2.3451, 0.0000)
            (-21.9027,  1.0094, -24.5082, 1.0000)>
MESH
Pigeon_Blob_Eyes_Cube.228
<Matrix 4x4 ( -2.9000,  0.0000,  -2.7550, 0.0000)
            (  0.0000,  4.0000,  -0.0000, 0.0000)
            (  2.7550, -0.0000,  -2.9000, 0.0000)
            (-14.6813,  0.9029, -14.6394, 1.0000)>
MESH
YellowBox_Cube.008
<Matrix 4x4 (10.0000,  0.0000,  0.0000, 0.0000)
            ( 0.0000, 10.0000,  0.0000, 0.0000)
            ( 0.0000, -0.0000, 10.0000, 0.0000)
            ( 0.0000,  6.1947,  1.4450, 1.0000)>
MESH
YellowBox_Cube.001
<Matrix 4x4 (8.0000,  0.0000,  0.0000, 0.0000)
            (0.0000,  8.0000,  0.0000, 0.0000)
            (0.0000, -0.0000,  8.0000, 0.0000)
            (0.0000,  5.0649, -3.2842, 1.0000)>
MESH
YellowBox_Cube.002
<Matrix 4x4 (6.0000,  0.0000,  0.0000, 0.0000)
            (0.0000,  6.0000,  0.0000, 0.0000)
            (0.0000, -0.0000,  6.0000, 0.0000)
            (0.0000,  3.9851, -8.6882, 1.0000)>
MESH
YellowBox_Cube.003
<Matrix 4x4 (4.0000,  0.0000,   0.0000, 0.0000)
            (0.0000,  4.0000,   0.0000, 0.0000)
            (0.0000, -0.0000,   4.0000, 0.0000)
            (0.0000,  2.9314, -12.7923, 1.0000)>
MESH
YellowBox_Cube.004
<Matrix 4x4 (2.0000,  0.0000,   0.0000, 0.0000)
            (0.0000,  2.0000,   0.0000, 0.0000)
            (0.0000, -0.0000,   2.0000, 0.0000)
            (0.0000,  1.9912, -15.2083, 1.0000)>
MESH
Cube_Question_Cube.249
<Matrix 4x4 ( 0.7433, -0.0000,  1.3029, 0.0000)
            (-0.0000,  1.5000,  0.0000, 0.0000)
            (-1.3029, -0.0000,  0.7433, 0.0000)
            (10.2852,  2.5696, 23.3422, 1.0000)>
MESH
Star.004
<Matrix 4x4 ( 4.9975, -0.1162, 0.1079, 0.0000)
            ( 0.0437,  4.2785, 2.5870, 0.0000)
            (-0.1524, -2.5847, 4.2774, 0.0000)
            (-0.2080, 14.2534, 1.4343, 1.0000)>
MESH
Spikes_Platform_Cube.002
<Matrix 4x4 (1.4332,  0.0000,   0.0000, 0.0000)
            (0.0000,  1.0000,   0.0000, 0.0000)
            (0.0000, -0.0000,   1.3577, 0.0000)
            (0.0018,  4.9495, -12.9136, 1.0000)>
MESH
Spikes_Platform_Cube.003
<Matrix 4x4 ( 2.3248,  0.0000,  0.0000, 0.0000)
            ( 0.0000,  1.0000,  0.0000, 0.0000)
            ( 0.0000, -0.0000,  1.8766, 0.0000)
            (-0.0483,  6.8887, -8.9224, 1.0000)>
MESH
Spikes_Platform_Cube.004
<Matrix 4x4 ( 3.0961,  0.0000,  0.0000, 0.0000)
            ( 0.0000,  1.0000,  0.0000, 0.0000)
            ( 0.0000, -0.0000,  1.4966, 0.0000)
            (-0.0795,  9.0070, -4.6215, 1.0000)>
MESH
Star.005
<Matrix 4x4 ( 0.5855, -0.0088, 0.8106, 0.0000)
            ( 0.0032,  1.0000, 0.0086, 0.0000)
            (-0.8107, -0.0024, 0.5855, 0.0000)
            (37.3275,  4.3376, 8.8495, 1.0000)>
MESH
Star.006
<Matrix 4x4 ( 0.7161, -0.0088, -0.6979, 0.0000)
            ( 0.0080,  1.0000, -0.0044, 0.0000)
            ( 0.6979, -0.0024,  0.7161, 0.0000)
            (11.8192,  4.0700,  9.6005, 1.0000)>
MESH
ChickenCoop_Cube.001
<Matrix 4x4 (-3.6926, -0.0002,  3.3711, 0.0000)
            ( 0.0419,  4.9996,  0.0463, 0.0000)
            (-3.3709,  0.0624, -3.6923, 0.0000)
            (36.7539,  1.0004,  8.4281, 1.0000)>
MESH
ChickenCoop_Cube.015
<Matrix 4x4 ( 3.5319, -0.0002,  3.5392, 0.0000)
            ( 0.0443,  4.9996, -0.0439, 0.0000)
            (-3.5389,  0.0624,  3.5316, 0.0000)
            (10.4610,  1.0004,  8.4281, 1.0000)>
MESH
Cube_Exclamation_Cube.001
<Matrix 4x4 ( 0.5000,  0.0000,   0.0000, 0.0000)
            ( 0.0000,  0.5000,   0.0000, 0.0000)
            ( 0.0000, -0.0000,   0.5000, 0.0000)
            (12.4528,  3.3739, -37.4669, 1.0000)>
MESH
Cube_Question_Cube.001
<Matrix 4x4 (0.5000,  0.0000,   0.0000, 0.0000)
            (0.0000,  0.5000,   0.0000, 0.0000)
            (0.0000, -0.0000,   0.5000, 0.0000)
            (7.5427,  3.3170, -38.1505, 1.0000)>
MESH
Fence_Middle_Cube.001
<Matrix 4x4 (-0.9980,  0.0000,  0.0627, 0.0000)
            (-0.0000,  2.0000, -0.0000, 0.0000)
            (-0.0627, -0.0000, -0.9980, 0.0000)
            (22.8214,  1.2948,  0.7672, 1.0000)>
MESH
Fence_Middle_Cube.002
<Matrix 4x4 (-0.9980, 0.0000,  0.0627, 0.0000)
            ( 0.0000, 2.0000,  0.0000, 0.0000)
            (-0.0627, 0.0000, -0.9980, 0.0000)
            (24.7730, 1.2948,  0.6355, 1.0000)>
MESH
Fence_Middle_Cube.003
<Matrix 4x4 (-0.9980, 0.0000,  0.0627, 0.0000)
            ( 0.0000, 2.0000,  0.0000, 0.0000)
            (-0.0627, 0.0000, -0.9980, 0.0000)
            (26.7482, 1.2948,  0.5022, 1.0000)>
MESH
Fence_Middle_Cube.004
<Matrix 4x4 (-0.9980, 0.0000,  0.0627, 0.0000)
            ( 0.0000, 2.0000,  0.0000, 0.0000)
            (-0.0627, 0.0000, -0.9980, 0.0000)
            (13.0176, 1.2948,  1.4288, 1.0000)>
MESH
Fence_Middle_Cube.005
<Matrix 4x4 (-0.9980, 0.0000,  0.0627, 0.0000)
            ( 0.0000, 2.0000,  0.0000, 0.0000)
            (-0.0627, 0.0000, -0.9980, 0.0000)
            (14.9928, 1.2948,  1.2955, 1.0000)>
MESH
Fence_Middle_Cube.006
<Matrix 4x4 (-0.9980, 0.0000,  0.0627, 0.0000)
            ( 0.0000, 2.0000,  0.0000, 0.0000)
            (-0.0627, 0.0000, -0.9980, 0.0000)
            (16.9444, 1.2948,  1.1638, 1.0000)>
MESH
Fence_Middle_Cube.007
<Matrix 4x4 (-0.9980, 0.0000,  0.0627, 0.0000)
            ( 0.0000, 2.0000,  0.0000, 0.0000)
            (-0.0627, 0.0000, -0.9980, 0.0000)
            (18.9196, 1.2948,  1.0305, 1.0000)>
MESH
Fence_Middle_Cube.008
<Matrix 4x4 (-0.9980, 0.0000,  0.0627, 0.0000)
            ( 0.0000, 2.0000,  0.0000, 0.0000)
            (-0.0627, 0.0000, -0.9980, 0.0000)
            (36.4639, 1.2948, -0.1656, 1.0000)>
MESH
Fence_Middle_Cube.009
<Matrix 4x4 (-0.9980, 0.0000,  0.0627, 0.0000)
            ( 0.0000, 2.0000,  0.0000, 0.0000)
            (-0.0627, 0.0000, -0.9980, 0.0000)
            (38.4391, 1.2948, -0.2989, 1.0000)>
MESH
Fence_Middle_Cube.010
<Matrix 4x4 (-0.9980, 0.0000,  0.0627, 0.0000)
            ( 0.0000, 2.0000,  0.0000, 0.0000)
            (-0.0627, 0.0000, -0.9980, 0.0000)
            (40.3907, 1.2948, -0.4306, 1.0000)>
MESH
Fence_Middle_Cube.011
<Matrix 4x4 (-0.9980, 0.0000,  0.0627, 0.0000)
            ( 0.0000, 2.0000,  0.0000, 0.0000)
            (-0.0627, 0.0000, -0.9980, 0.0000)
            (42.3659, 1.2948, -0.5639, 1.0000)>
MESH
Fence_Middle_Cube.012
<Matrix 4x4 (-0.9980, 0.0000,  0.0627, 0.0000)
            ( 0.0000, 2.0000,  0.0000, 0.0000)
            (-0.0627, 0.0000, -0.9980, 0.0000)
            (28.6354, 1.2948,  0.3627, 1.0000)>
MESH
Fence_Middle_Cube.013
<Matrix 4x4 (-0.9980, 0.0000,  0.0627, 0.0000)
            ( 0.0000, 2.0000,  0.0000, 0.0000)
            (-0.0627, 0.0000, -0.9980, 0.0000)
            (30.6106, 1.2948,  0.2294, 1.0000)>
MESH
Fence_Middle_Cube.014
<Matrix 4x4 (-0.9980, 0.0000,  0.0627, 0.0000)
            ( 0.0000, 2.0000,  0.0000, 0.0000)
            (-0.0627, 0.0000, -0.9980, 0.0000)
            (32.5622, 1.2948,  0.0977, 1.0000)>
MESH
Fence_Middle_Cube.015
<Matrix 4x4 (-0.9980, 0.0000,  0.0627, 0.0000)
            ( 0.0000, 2.0000,  0.0000, 0.0000)
            (-0.0627, 0.0000, -0.9980, 0.0000)
            (34.5374, 1.2948, -0.0356, 1.0000)>
MESH
Fence_Middle_Cube.016
<Matrix 4x4 (-0.9980, 0.0000,  0.0627, 0.0000)
            ( 0.0000, 2.0000,  0.0000, 0.0000)
            (-0.0627, 0.0000, -0.9980, 0.0000)
            (10.9618, 1.2948,  1.5230, 1.0000)>
MESH
Fence_Middle_Cube.017
<Matrix 4x4 (-0.9980, 0.0000,  0.0627, 0.0000)
            ( 0.0000, 2.0000,  0.0000, 0.0000)
            (-0.0627, 0.0000, -0.9980, 0.0000)
            ( 2.7598, 1.2948,  1.4288, 1.0000)>
MESH
Fence_Middle_Cube.019
<Matrix 4x4 (-0.9980, 0.0000,  0.0627, 0.0000)
            ( 0.0000, 2.0000,  0.0000, 0.0000)
            (-0.0627, 0.0000, -0.9980, 0.0000)
            ( 7.0600, 1.2948,  1.7863, 1.0000)>
MESH
Fence_Middle_Cube.020
<Matrix 4x4 (-0.9980, 0.0000,  0.0627, 0.0000)
            ( 0.0000, 2.0000,  0.0000, 0.0000)
            (-0.0627, 0.0000, -0.9980, 0.0000)
            ( 9.0352, 1.2948,  1.6530, 1.0000)>
MESH
Fence_Middle_Cube.021
<Matrix 4x4 (-0.4721, 0.0000, -0.8816, 0.0000)
            (-0.0000, 2.0000,  0.0000, 0.0000)
            ( 0.8816, 0.0000, -0.4721, 0.0000)
            ( 8.8349, 1.2948, 20.8240, 1.0000)>
MESH
Fence_Middle_Cube.024
<Matrix 4x4 (-0.4721, 0.0000, -0.8816, 0.0000)
            (-0.0000, 2.0000,  0.0000, 0.0000)
            ( 0.8816, 0.0000, -0.4721, 0.0000)
            (11.6514, 1.2948, 26.0259, 1.0000)>
MESH
Fence_Middle_Cube.025
<Matrix 4x4 (-0.4721, 0.0000, -0.8816, 0.0000)
            (-0.0000, 2.0000,  0.0000, 0.0000)
            ( 0.8816, 0.0000, -0.4721, 0.0000)
            ( 5.0990, 1.2948, 13.9241, 1.0000)>
MESH
Fence_Middle_Cube.026
<Matrix 4x4 (-0.4721, 0.0000, -0.8816, 0.0000)
            (-0.0000, 2.0000,  0.0000, 0.0000)
            ( 0.8816, 0.0000, -0.4721, 0.0000)
            ( 6.0416, 1.2948, 15.6650, 1.0000)>
MESH
Fence_Middle_Cube.027
<Matrix 4x4 (-0.4721, 0.0000, -0.8816, 0.0000)
            (-0.0000, 2.0000,  0.0000, 0.0000)
            ( 0.8816, 0.0000, -0.4721, 0.0000)
            ( 6.9729, 1.2948, 17.3851, 1.0000)>
MESH
Fence_Middle_Cube.028
<Matrix 4x4 (-0.4721, 0.0000, -0.8816, 0.0000)
            (-0.0000, 2.0000,  0.0000, 0.0000)
            ( 0.8816, 0.0000, -0.4721, 0.0000)
            ( 7.9155, 1.2948, 19.1260, 1.0000)>
MESH
Fence_Middle_Cube.029
<Matrix 4x4 (-0.4721, 0.0000, -0.8816, 0.0000)
            (-0.0000, 2.0000,  0.0000, 0.0000)
            ( 0.8816, 0.0000, -0.4721, 0.0000)
            (16.2989, 1.2948, 34.5841, 1.0000)>
MESH
Fence_Middle_Cube.030
<Matrix 4x4 (-0.4721, 0.0000, -0.8816, 0.0000)
            (-0.0000, 2.0000,  0.0000, 0.0000)
            ( 0.8816, 0.0000, -0.4721, 0.0000)
            (17.2414, 1.2948, 36.3249, 1.0000)>
MESH
Fence_Middle_Cube.031
<Matrix 4x4 (-0.4721, 0.0000, -0.8816, 0.0000)
            (-0.0000, 2.0000,  0.0000, 0.0000)
            ( 0.8816, 0.0000, -0.4721, 0.0000)
            (18.1728, 1.2948, 38.0450, 1.0000)>
MESH
Fence_Middle_Cube.032
<Matrix 4x4 (-0.4721, 0.0000, -0.8816, 0.0000)
            (-0.0000, 2.0000,  0.0000, 0.0000)
            ( 0.8816, 0.0000, -0.4721, 0.0000)
            (19.1154, 1.2948, 39.7859, 1.0000)>
MESH
Fence_Middle_Cube.033
<Matrix 4x4 (-0.4721, 0.0000, -0.8816, 0.0000)
            (-0.0000, 2.0000,  0.0000, 0.0000)
            ( 0.8816, 0.0000, -0.4721, 0.0000)
            (12.5630, 1.2948, 27.6842, 1.0000)>
MESH
Fence_Middle_Cube.034
<Matrix 4x4 (-0.4721, 0.0000, -0.8816, 0.0000)
            (-0.0000, 2.0000,  0.0000, 0.0000)
            ( 0.8816, 0.0000, -0.4721, 0.0000)
            (13.5056, 1.2948, 29.4250, 1.0000)>
MESH
Fence_Middle_Cube.035
<Matrix 4x4 (-0.4721, 0.0000, -0.8816, 0.0000)
            (-0.0000, 2.0000,  0.0000, 0.0000)
            ( 0.8816, 0.0000, -0.4721, 0.0000)
            (14.4369, 1.2948, 31.1452, 1.0000)>
MESH
Fence_Middle_Cube.036
<Matrix 4x4 (-0.4721, 0.0000, -0.8816, 0.0000)
            (-0.0000, 2.0000,  0.0000, 0.0000)
            ( 0.8816, 0.0000, -0.4721, 0.0000)
            (15.3795, 1.2948, 32.8860, 1.0000)>
MESH
Fence_Middle_Cube.037
<Matrix 4x4 (-0.4721, 0.0000, -0.8816, 0.0000)
            (-0.0000, 2.0000,  0.0000, 0.0000)
            ( 0.8816, 0.0000, -0.4721, 0.0000)
            ( 4.1584, 1.2948, 12.0936, 1.0000)>
MESH
Fence_Middle_Cube.039
<Matrix 4x4 (-0.4721, 0.0000, -0.8816, 0.0000)
            (-0.0000, 2.0000,  0.0000, 0.0000)
            ( 0.8816, 0.0000, -0.4721, 0.0000)
            ( 2.2965, 1.2948,  8.6547, 1.0000)>
MESH
Fence_Middle_Cube.040
<Matrix 4x4 (-0.4721, 0.0000, -0.8816, 0.0000)
            (-0.0000, 2.0000,  0.0000, 0.0000)
            ( 0.8816, 0.0000, -0.4721, 0.0000)
            ( 3.2390, 1.2948, 10.3955, 1.0000)>
MESH
Fence_Middle_Cube.041
<Matrix 4x4 (-0.4721, 0.0000, -0.8816, 0.0000)
            (-0.0000, 2.0000,  0.0000, 0.0000)
            ( 0.8816, 0.0000, -0.4721, 0.0000)
            (19.8783, 1.2948, 41.1290, 1.0000)>
MESH
Fence_Middle_Cube.187
<Matrix 4x4 (-0.9980,  0.0000,  0.0627, 0.0000)
            (-0.0000,  2.0000, -0.0000, 0.0000)
            (-0.0627, -0.0000, -0.9980, 0.0000)
            (20.8462,  1.2948,  0.9005, 1.0000)>
MESH
OpenBarn_Cube.045
<Matrix 4x4 (-2.0000, -0.0000,   0.0000, 0.0000)
            (-0.0000,  2.0000,  -0.0000, 0.0000)
            (-0.0000, -0.0000,  -2.0000, 0.0000)
            ( 9.7760,  0.8238, -37.6458, 1.0000)>
MESH
Silo_Cylinder.001
<Matrix 4x4 (  0.5026, 0.0000,  1.4133, 0.0000)
            (  0.0000, 1.5000, -0.0000, 0.0000)
            ( -1.4133, 0.0000,  0.5026, 0.0000)
            (-37.1270, 0.9632, 19.0147, 1.0000)>
MESH
Silo_Cylinder.007
<Matrix 4x4 ( -0.8029, -0.0000,   1.2670, 0.0000)
            (  0.0000,  1.5000,   0.0000, 0.0000)
            ( -1.2670,  0.0000,  -0.8029, 0.0000)
            (-37.1270,  0.9632, -20.2542, 1.0000)>
MESH
Silo_House_Cylinder.003
<Matrix 4x4 ( 0.1334, 0.0000, -1.9955, 0.0000)
            (-0.0000, 2.0000,  0.0000, 0.0000)
            ( 1.9955, 0.0000,  0.1334, 0.0000)
            (30.8962, 2.1631, -8.4086, 1.0000)>
MESH
Star_Cylinder.001
<Matrix 4x4 ( 0.4418, -0.0000,  0.8971, 0.0000)
            ( 0.0000,  1.0000,  0.0000, 0.0000)
            (-0.8971,  0.0000,  0.4418, 0.0000)
            (11.5597,  1.4558, 18.8075, 1.0000)>
MESH
Star_Cylinder.002
<Matrix 4x4 ( 0.4418,  0.0000,  0.8971, 0.0000)
            (-0.0000,  1.0000,  0.0000, 0.0000)
            (-0.8971, -0.0000,  0.4418, 0.0000)
            (14.5479,  1.4558, 24.8776, 1.0000)>
MESH
Star_Cylinder.011
<Matrix 4x4 ( 0.4418, -0.0000,  0.8971, 0.0000)
            ( 0.0000,  1.0000,  0.0000, 0.0000)
            (-0.8971,  0.0000,  0.4418, 0.0000)
            (14.8746,  1.4558, 20.8839, 1.0000)>
MESH
TowerWindmill_Blades_Cylinder.006
<Matrix 4x4 ( 0.0987,  0.0000, -1.9976, 0.0000)
            ( 0.0000,  2.0000,  0.0000, 0.0000)
            ( 1.9976, -0.0000,  0.0987, 0.0000)
            (-7.7510,  1.0573,  1.5161, 1.0000)>
MESH
TowerWindmill_Cylinder.008
<Matrix 4x4 ( 0.0987,  0.0000, -1.9976, 0.0000)
            ( 0.0000,  2.0000,  0.0000, 0.0000)
            ( 1.9976, -0.0000,  0.0987, 0.0000)
            (-7.7510,  1.0573,  1.5161, 1.0000)>
MESH
Windmill_Blades_Cube.001
<Matrix 4x4 ( 0.4566,  0.0000, -0.8897, 0.0000)
            ( 0.0000,  1.0000,  0.0000, 0.0000)
            ( 0.8897, -0.0000,  0.4566, 0.0000)
            (13.8018,  1.0593, 39.2488, 1.0000)>
MESH
Windmill_Blades_Cube.021
<Matrix 4x4 (  0.6016, 0.0000,  0.7988, 0.0000)
            (  0.0000, 1.0000, -0.0000, 0.0000)
            ( -0.7988, 0.0000,  0.6016, 0.0000)
            (-15.9559, 1.0593, 39.2488, 1.0000)>
MESH
Windmill_Cube.001
<Matrix 4x4 ( 0.4566,  0.0000, -0.8897, 0.0000)
            ( 0.0000,  1.0000,  0.0000, 0.0000)
            ( 0.8897, -0.0000,  0.4566, 0.0000)
            (13.8018,  1.0593, 39.2488, 1.0000)>
MESH
Windmill_Cube.020
<Matrix 4x4 (  0.6016, 0.0000,  0.7988, 0.0000)
            (  0.0000, 1.0000, -0.0000, 0.0000)
            ( -0.7988, 0.0000,  0.6016, 0.0000)
            (-15.9559, 1.0593, 39.2488, 1.0000)>
LIGHT
Spot
<Matrix 4x4 ( 1.0000,  0.7256, 0.1891,  2.0000)
            (-0.1028, 20.9990, 0.9175,  0.0000)
            ( 0.0000, -1.0000, 0.0000,  0.0000)
            ( 0.9500,  0.9707, 0.9239, 40.0000)>
LIGHT
Point
<Matrix 4x4 ( 1.0000, 1.0000, 1.0000,  0.0000)
            (38.1127, 4.3376, 9.8529,  0.0000)
            ( 0.0000, 0.0000, 0.0000,  0.0000)
            ( 0.2500, 0.0000, 0.0000, 40.0000)>
LIGHT
Point.001
<Matrix 4x4 ( 1.0000, 1.0000, 1.0000,  0.0000)
            (12.2359, 4.0700, 9.9991,  0.0000)
            ( 0.0000, 0.0000, 0.0000,  0.0000)
            ( 0.2500, 0.0000, 0.0000, 40.0000)>
LIGHT
Point.002
<Matrix 4x4 ( 0.0322, 1.0000,  0.0416,  0.0000)
            (12.4370, 1.4558, 18.8070,  0.0000)
            ( 0.0000, 0.0000,  0.0000,  0.0000)
            ( 0.2500, 0.0000,  0.0000, 40.0000)>
LIGHT
Point.003
<Matrix 4x4 ( 1.0000, 0.0257,  0.9652,  0.0000)
            (15.4263, 1.4455, 20.8840,  0.0000)
            ( 0.0000, 0.0000,  0.0000,  0.0000)
            ( 0.2500, 0.0000,  0.0000, 40.0000)>
LIGHT
Point.004
<Matrix 4x4 ( 1.0000, 0.0831,  0.0344,  0.0000)
            (15.2199, 1.4558, 24.8780,  0.0000)
            ( 0.0000, 0.0000,  0.0000,  0.0000)
            ( 0.2500, 0.0000,  0.0000, 40.0000)>
LIGHT
Point.005
<Matrix 4x4 (  0.0412, 1.0000,  0.0217,  0.0000)
            (-37.6632, 3.5707, 11.1850,  0.0000)
            (  0.0000, 0.0000,  0.0000,  0.0000)
            (  0.2500, 0.0000,  0.0000, 40.0000)>
LIGHT
Point.006
<Matrix 4x4 (  0.0899, 0.0278, 1.0000,  0.0000)
            (-39.0000, 5.9039, 5.3998,  0.0000)
            (  0.0000, 0.0000, 0.0000,  0.0000)
            (  0.2500, 0.0000, 0.0000, 40.0000)>
LIGHT
Point.007
<Matrix 4x4 (  1.0000, 0.0595,  0.0276,  0.0000)
            (-39.6632, 5.9039, -6.3848,  0.0000)
            (  0.0000, 0.0000,  0.0000,  0.0000)
            (  0.2500, 0.0000,  0.0000, 40.0000)>
LIGHT
Point.008
<Matrix 4x4 (  0.0248, 0.3374,   1.0000,  0.0000)
            (-39.6632, 3.5707, -12.0110,  0.0000)
            (  0.0000, 0.0000,   0.0000,  0.0000)
            (  1.0000, 0.0000,   0.0000, 40.0000)>
LIGHT
Point.009
<Matrix 4x4 (1.0000, 0.7562,   0.2142,  0.0000)
            (9.7760, 4.8649, -37.6460,  0.0000)
            (0.0000, 0.0000,   0.0000,  0.0000)
            (0.2500, 0.0000,   0.0000, 40.0000)>
LIGHT
Spot.001
<Matrix 4x4 ( 1.0000,  0.8554,  0.0566,  2.0000)
            (30.3157,  9.1838, 17.6230,  0.0000)
            ( 0.3363, -0.5405,  0.3185,  0.0000)
            ( 1.0400,  0.9876,  0.9003, 15.8100)>
MESH
1Plane
<Matrix 4x4 (45.0000,  0.0000,  0.0000, 0.0000)
            ( 0.0000,  0.0000, 45.0000, 0.0000)
            ( 0.0000, -1.0000,  0.0000, 0.0000)
            ( 0.0000,  0.0000,  0.0000, 1.0000)>
